-158 -145
214 85
-25 202
-111 169
249 -125
60 54
-91 -145
218 237
-99 -126
-87 -220
-155 54
-37 -20
127 194
-125 -11
49 -80
-248 190
50 -198
196 -98
-88 12
-166 106
-251 128
180 -71
-83 -208
147 235
80 61
165 -5
110 204
178 106
207 181
-119 178
-182 -178
91 26
134 181
-181 -13
-217 -97
-210 64
104 78
247 -15
30 60
-230 219
-108 256
130 -117
186 65
100 -78
214 85
-19 19
46 103
-235 -205
155 137
229 -154
-191 193
132 -27
252 60
137 -45
-245 21
157 -95
-256 144
19 125
-58 216
253 63
-32 81
46 -253
93 -32
-125 177
-184 84
160 -203
-246 202
-168 11
-51 -196
88 -33
-230 -210
125 244
132 194
-26 152
-39 -236
179 -62
-58 -19
-19 -182
-65 210
-196 82
141 26
-9 210
-130 136
-30 -98
247 -162
202 -19
-38 -147
-117 203
-71 122
62 -43
128 91
-212 0
-91 100
-153 189
96 -19
-20 103
-23 -33
256 -181
-124 42
187 101
-100 -98
-159 80
-119 142
-4 -194
-114 -28
0 -14
-47 -152
10 67
7 123
98 -101
111 76
-83 25
-169 13
-58 -195
17 227
-76 186
-183 211
64 167
126 211
-23 -234
237 -221
58 181
-20 198
163 -9
-15 -88
44 208
-137 -252
-186 168
-10 71
103 135
-121 -199
54 -132
180 -69
58 96
85 -2
-49 115
-52 -89
-45 57
16 -47
-154 -149
46 207
244 181
118 -184
210 -128
-208 -97
-55 23
-121 39
-173 232
-123 -222
-43 63
-69 126
209 54
185 86
-97 184
-52 226
-139 15
0 -88
222 244
-197 3
82 -204
52 -165
217 80
-36 0
-82 -94
237 193
225 -192
-126 -158
74 120
-123 -106
-182 -241
-250 67
-6 -79
-249 225
-242 23
175 -101
24 24
13 97
127 255
49 28
132 -167
194 122
108 -249
164 -156
-10 -186
-1 243
82 -170
140 151
-51 -193
182 -221
200 104
-249 -57
-225 20
91 -126
-36 -63
48 225
-123 -193
104 -150
14 73
-163 143
248 212
127 113
11 -103
-229 -165
5 119
-83 35
-83 43
-38 115
11 -112
115 72
222 211
-109 188
-226 202
-77 49
40 -75
106 -128
-170 -233
-69 162
95 210
0 -78
96 211
157 147
-226 228
-149 -88
83 -50
-123 12
-107 73
100 -50
-123 -192
90 -42
99 -246
-226 -121
-5 156
-20 30
96 -215
-54 -186
113 -66
191 88
-216 67
209 71
1 243
180 -125
-162 204
199 -237
-98 -160
-156 -32
134 203
-76 254
7 180
144 -220
14 -205
2 -188
-255 171
137 142
196 213
225 65
-89 -164
194 173
-196 -219
-82 31
115 -101
198 214
115 -208
-141 -239
101 -67
217 -247
153 -231
-93 -161
-166 241
-216 -61
91 -24
29 10
-170 -240
-113 -44
254 255
114 242
-176 -39
105 254
-93 -48
-203 136
-129 189
-10 -77
63 -127
139 -253
-255 -11
-40 220
-164 -142
-232 235
-19 175
31 -226
-236 122
-11 89
-77 -36
-50 50
118 -61
120 88
231 -195
-240 -177
-233 -87
211 -12
190 -212
47 -50
