22 202
185 -74
-231 17
151 224
-100 -37
200 -156
-249 70
245 -33
14 -237
99 -234
-138 -155
128 -242
125 -219
200 -109
-141 202
-207 55
-204 -12
51 -143
-89 -19
72 -11
133 11
-58 53
47 -127
-220 -120
126 147
0 182
-81 -201
-56 7
56 -213
55 -197
22 -74
-211 -109
-112 99
117 -173
220 159
-224 68
40 -32
-230 -230
197 -211
65 -242
139 -221
-103 170
-209 163
-85 -132
132 -171
-242 -12
31 -72
-189 -158
69 20
-68 -122
128 -29
25 17
25 -193
196 71
-135 198
-138 138
179 7
-16 -193
100 181
62 -46
-100 253
110 45
110 -102
86 -87
2 179
114 -80
252 -156
-136 200
-199 -50
-198 126
-49 102
-205 -23
-213 -185
-140 184
-176 -198
-96 55
-145 16
71 -66
163 226
-146 84
228 240
58 22
79 142
-144 204
148 -167
212 -51
66 185
74 182
-253 57
-245 246
235 -36
40 238
27 -178
-216 -242
-99 -105
-159 -156
122 -94
7 197
-216 -32
-139 -22
217 233
-244 -162
12 211
-239 162
-213 34
-83 158
102 -149
100 -247
246 -60
-220 -182
139 199
-25 -142
-207 -186
59 162
-25 -189
-42 -130
-98 -193
146 1
106 -89
-150 -76
-170 -84
-151 126
119 228
231 -76
-169 123
-66 -226
-103 75
49 158
-87 251
-26 238
112 17
66 -232
-252 -229
200 218
54 -240
147 -106
-49 188
254 160
-190 115
-159 -126
-199 -89
33 96
60 -133
-233 255
-32 -164
16 -132
208 -3
47 114
38 255
-92 225
22 -241
-203 -80
-145 117
-147 -60
188 164
-147 -108
-204 -224
-256 -75
78 67
-108 186
145 28
101 -235
13 -100
-107 -243
62 247
138 98
-33 26
-10 -91
-167 -256
-234 -85
108 137
-253 -133
-153 218
192 150
14 -192
-64 -75
-250 148
-161 -166
133 -100
87 227
34 39
74 -152
-164 -183
155 -13
183 117
181 169
-178 55
