235,53
-104
157
215
221
-250
-196
-78
98
-231
-252
29
219
-65
239
-13
213
-79
-255
214
252
-28
-138
-147
-177
29
-15
108
-68
230
38
-76
-78
-99
232
-206
-82
-187
15
24
156
-243
-213
-32
-78
211
55
-182
158
69
246
195
220
-111
-31
-35
-127
23
-77
-240
146
-247
135
-17
-235
36
-242
-171
-67
181
-236
120
167
-138
-45
-152
224
244
-242
-103
23
250
-113
244
-178
78
119
91
247
-128
5
67
-127
131
154
-209
-39
62
146
158
-172
-145
-4
219
-195
-133
76
113
-26
28
-55
-239
215
-185
50
242
18
-4
-206
-33
253
229
87
252
-218
236
28
207
-198
-222
9
-11
-141
121
52
-167
129
225
-255
172
-98
122
185
103
-236
-130
185
206
67
-99
-12
46
-107
-237
-32
4
252
105
60
-6
150
-66
-246
218
-156
126
-14
-153
93
125
-64
-38
-171
-134
-138
107
-90
106
153
112
200
231
-71
-77
-65
-181
140
-244
15
254
62
-134
-195
-241
-165
7
-248
168
-47
-209
-218
26
152
-183
156
-4
246
104
-197
-219
87
-101
219
195
119
-19
203
-151
-199
177
-219
173
-39
-28
22
-110
-94
149
-237
12
160
181
-170
-177
230
181
-179 -252
-213 -55
44 47
191 -143
-127 230
-212 -219
226 -147
94 -98
-192 -109
-86 73
-193 -144
-159 -140
-62 -66
218 -226
-95 -30
84 45
164 12
-31 21
-60 45
15 -234
-224 -109
75 -52
89 -197
-17 18
-218 -106
-206 -85
-14 216
-39 44
107 -237
-182 -84
-217 78
-242 -219
-76 105
-155 132
-87 150
-38 -65
-84 -181
60 -120
-83 145
182 -145
105 73
215 -215
-42 41
180 -210
16 69
-212 -104
223 215
254 -8
-138 153
61 -71
215 -218
118 149
212 -208
